396
545
1491
367
768
729
515
227
1491
42
1468
469
511
298
1573
695
175
515
601
818
1409
712
385
511
511
385
9
423
304
797
1109
93
1512
1350
1507
1355
1301
515
1455
332
372
525
876
1491
39
749
466
883
741
1098
255
1303
1271
993
250
537
1399
514
660
507
826
548
1406
694
1102
306
74
1180
1054
1155
1257
660
1307
1540
65
511
1535
564
402
306
210
653
708
1094
116
1005
203
107
1483
1131
808
1496
535
1199
579
501
17
1563
615
1491
116
310
983
1156
1267
332
1045
1470
1494
811
1334
694
1249
193
595
1101
236
511
31
1483
940
783
118
233
1254
1508
1468
161
1076
395
596
1021
123
390
790
306
1297
981
719
187
1192
601
1393
225
511
511
1376
728
1450
604
1173
159
768
511
787
385
883
883
1483
71
1547
259
151
685
441
511
511
577
843
1129
1441
509
278
344
355
1558
511
321
385
1057
422
1036
738
871
309
765
511
1172
763
1560
625
1543
466
1479
254
725
1114
341
1529
1122
647
385
511
679
1264
385
1376
675
111
729
684
1254
511
42
498
588
163
111
1194
623
5
667
141
283
47
364
1251
601
807
281
93
932
13
515
174
893
1127
952
1500
575
511
303
1441
601
511
715
557
900
511
916
1320
1271
1545
224
1441
704
1222
1406
1251
1097
629
511
85
1350
1017
1551
88
64
42
306
1548
1092
668
319
534
1040
306
1491
159
793
561
306
40
159
1244
1540
227
926
1258
977
549
871
942
491
15
511
1325
935
811
965
306
515
1207
511
511
890
454
1377
1198
1326
1491
453
771
1396
926
1103
219
1107
233
168
245
567
570
346
967
684
1131
1482
998
557
1275
511
874
756
127
1427
511
895
561
984
752
894
332
878
1037
1475
511
511
1029
78
1386
1246
70
159
511
306
1377
732
1063
426
807
926
1350
1474
306
399
623
332
515
546
247
146
1141
306
210
1280
109
42
481
601
1122
1491
1291
519
306
1131
1306
1148
306
710
239
1395
29
511
1172
561
1541
687
1199
492
549
685
364
1517
623
161
1519
64
964
515
1399
1287
561
797
1322
1492
650
128
1010
603
1167
756
1126
207
1532
502
641
1492
709
1247
807
836
1139
683
167
628
729
652
385
434
1500
1322
515
511
511
303
546
661
511
513
58
515
819
1320
306
601
370
1230
952
511
730
385
927
849
940
1239
1335
542
748
756
306
511
1458
1199
285
601
910
1376
729
1461
546
1528
625
159
111
1243
1491
796
1483
1122
449
861
146
306
1052
19
1491
143
1335
1491
104
1271
159
1498
729
668
937
728
1322
1306
111
274
1282
306
1222
323
1256
811
42
1376
1299
943
947
1404
511
511
189
511
385
797
802
1458
42
224
306
64
511
966
511
822
1477
1098
385
783
1344
1345
738
1477
330
362
590
1367
1011
408
748
78
1236
380
515
1188
1335
645
1021
1307
511
306
1079
748
775
729
1236
104
940
511
111
729
385
808
531
102
306
1546
1202
91
23
926
529
306
1406
623
1393
511
836
588
1045
148
940
277
932
1254
698
385
1030
385
960
1418
306
1105
4
833
238
801
727
306
225
605
1519
1199
511
511
860
1553
1045
1179
511
69
376
385
1540
1021
163
748
389
1382
1172
916
1068
1461
524
1021
32
1017
667
670
952
729
240
1521
1172
498
732
848
951
946
650
233
1160
1257
1553
535
947
306
111
926
30
511
1258
298
1497
1503
685
358
166
689
867
1555
511
1021
903
443
335
545
601
701
39
1104
1384
1280
511
703
1232
824
511
1477
525
1491
807
172
142
52
512
1514
639
457
1451
64
1322
421
306
89
994
306
1096
1043
1223
297
385
215
1235
312
822
605
1538
804
111
1471
808
783
608
108
1376
1017
1402
1491
622
213
1422
883
34
515
797
1350
367
135
938
331
111
458
564
1318
926
372
282
229
998
856
838
1187
93
1172
961
452
511
579
1322
192
1127
306
332
561
306
625
696
1350
1028
1284
660
451
729
848
306
1381
1575
681
1131
380
684
1000
1335
1560
1308
744
127
204
564
1491
609
519
693
579
1491
306
1564
482
1471
1174
1507
358
1299
667
511
811
932
219
1441
1141
159
306
1004
1252
52
511
460
195
729
1255
181
1199
1345
728
199
244
978
785
1254
579
546
557
1529
1187
515
302
694
306
89
332
798
685
952
635
332
89
685
525
596
306
1203
1491
402
1284
1326
895
383
476
561
511
898
42
382
1173
740
1313
623
116
872
351
485
227
61
623
581
161
968
1118
961
1346
302
1529
145
1115
1202
860
1202
511
20
1491
572
86
299
874
1107
1045
1460
738
629
306
862
325
511
1376
1202
727
726
1073
299
1150
1458
683
1335
1086
416
1549
1519
275
960
842
916
306
923
940
1363
1213
71
732
1123
1260
640
385
488
644
385
111
1450
70
1405
92
415
525
673
672
125
1109
916
515
385
1045
729
511
1322
1
1104
1199
1484
511
1555
677
160
830
552
601
909
42
1254
554
916
1491
707
772
116
306
511
385
534
94
511
385
246
1567
855
511
1234
246
1469
1483
940
511
135
161
808
1306
450
1236
756
162
1376
511
807
511
601
116
951
557
1343
1437
918
1209
1487
1408
913
612
177
111
729
677
511
1371
511
1375
684
338
1403
975
318
853
722
1436
925
306
940
573
89
601
689
69
1251
1006
816
1215
787
44
891
190
206
1445
883
1491
309
511
704
127
740
1438
150
385
1491
270
516
940
511
753
668
800
183
230
36
270
1104
468
685
1477
1358
332
459
1370
1529
1491
883
111
773
159
1376
1508
116
306
257
32
746
728
1483
21
1483
306
34
940
86
1231
561
225
1060
1053
306
64
811
506
384
1529
197
1551
609
984
635
807
1448
245
940
1529
511
1172
1400
1045
1372
1077
689
1474
243
797
583
54
1185
984
1461
1376
1246
660
1335
504
535
511
742
1075
1441
146
1347
1461
1254
797
1241
1444
1491
940
511
1511
748
787
729
1239
181
1491
1266
531
78
511
1335
729
511
1088
525
197
1575
1519
1002
561
617
630
225
306
516
790
699
1564
413
294
797
1458
1002
323
153
684
601
1280
107
1483
1085
723
1440
85
109
759
511
498
553
981
1271
380
1181
1078
1516
1030
601
1234
261
1548
1242
1048
834
774
1078
158
535
862
413
1120
670
1252
860
511
208
1124
738
860
511
1562
658
511
625
1240
554
506
255
1363
713
511
999
1469
1060
1067
511
588
1020
684
729
111
717
1371
1182
339
1380
926
694
1544
808
4
321
385
511
74
511
515
1292
541
993
42
911
1322
1345
141
1529
829
1262
337
70
968
1495
628
1271
848
546
542
1254
164
91
983
235
685
675
984
1135
660
691
871
490
842
1221
1406
1483
896
382
873
783
1540
555
1257
1529
156
1491
155
240
1122
1540
1529
787
811
1003
245
877
1397
673
51
684
705
1251
514
773
883
127
511
1326
306
780
561
1051
1551
807
50
823
176
528
437
1565
668
1138
355
1477
1199
951
69
707
1546
344
427
1202
27
515
454
1477
800
1441
926
835
727
1483
748
73
42
78
1096
511
684
1268
960
1096
630
503
811
732
758
204
1044
1418
1494
743
511
738
511
668
511
1362
511
26
1170
1455
859
674
790
940
912
167
626
106
117
814
623
1047
53
306
805
668
306
735
1558
184
511
684
1483
525
385
723
1351
619
1491
672
851
443
385
306
317
787
1400
506
161
1345
1500
848
3
559
51
1010
522
560
92
1185
625
1164
283
759
588
936
1385
1104
1491
1289
563
1361
684
1003
658
1423
1529
158
1126
511
1398
210
372
1451
1560
632
1477
715
111
268
385
1156
806
306
920
511
944
89
525
10
848
1233
370
625
1111
1293
1403
1082
756
787
373
686
1202
511
515
608
1156
883
1374
487
1234
1483
161
1530
245
1349
1376
160
1290
332
90
252
1268
694
412
1124
1376
677
535
400
27
1349
1074
940
173
254
1257
795
1501
1366
1399
786
41
694
1419
1500
1447
114
538
943
723
369
515
1171
1278
380
1491
818
594
1446
1387
1008
1477
1350
351
511
900
80
21
172
1517
1295
1378
648
106
1416
1028
420
46
208
1109
1416
225
1190
1203
1372
629
1575
458
1329
1202
329
1064
1358
306
1358
536
16
601
158
668
1234
1021
1424
188
511
1305
332
744
802
773
1163
934
813
787
511
872
1519
345
875
511
1519
1397
339
201
376
608
215
748
1242
332
535
1086
515
1176
1123
163
511
883
933
797
525
145
306
1558
375
1152
515
815
263
881
902
1477
54
572
511
715
830
810
306
889
1254
1491
1427
638
1175
830
992
811
568
1540
1019
1491
608
70
557
1533
685
993
167
1034
1491
1200
1254
511
74
749
455
1155
1332
43
96
940
782
506
807
533
365
807
511
1045
940
1483
310
690
1074
852
1063
540
1202
668
967
1340
77
1134
588
385
217
959
625
162
1366
717
538
535
638
797
1453
841
1322
883
607
665
694
78
1144
1546
511
608
1045
439
1234
511
1072
845
952
511
81
511
1376
668
306
1234
139
78
595
116
1309
89
883
1461
930
1491
651
342
579
1376
1553
1461
566
511
1172
433
511
511
1392
412
616
1376
41
849
940
511
601
1268
531
511
42
678
511
823
389
668
1359
1491
1483
672
822
159
940
494
525
666
856
750
934
1476
78
211
116
668
371
970
1573
1368
1049
1254
348
213
227
590
1193
12
78
250
569
1030
1380
5
677
306
1450
580
689
574
511
201
871
900
511
511
944
954
425
1318
1190
1531
511
477
1452
267
608
1156
96
611
721
510
557
629
1065
1573
1124
1320
350
1271
511
601
1013
61
1170
227
380
383
183
1150
588
511
741
1101
1066
1033
149
511
259
1132
693
757
561
635
1494
1021
182
111
53
367
600
131
116
511
511
1330
4
985
46
689
0
355
454
1281
639
113
1226
1237
1252
515
511
807
658
515
511
723
835
511
1055
837
883
811
1248
1545
111
1399
1267
783
860
116
1163
127
577
1228
1332
1477
1315
1479
99
1479
800
1331
78
626
229
689
601
1161
61
600
332
437
1399
151
280
749
780
732
577
45
1525
313
553
698
306
378
89
429
956
1234
1570
898
1437
429
1219
293
753
597
1491
432
883
148
1191
163
513
1491
901
1033
1063
1322
93
1335
601
748
651
1483
625
940
1556
535
1495
729
533
784
144
525
940
1087
1254
683
1523
546
225
1456
1412
511
1071
306
637
937
511
848
1478
548
1419
64
1474
460
668
17
1523
210
1468
306
511
1026
511
1332
385
1306
167
306
814
529
511
154
529
872
1350
1322
608
501
553
1529
1006
797
136
1268
745
692
89
1067
525
795
511
515
511
1105
662
64
1196
550
717
286
884
306
42
1131
1335
1150
1333
1194
570
511
1021
109
797
1563
271
797
1335
1573
193
1142
1124
15
438
926
683
511
225
460
303
78
1564
172
511
511
422
1136
485
1466
987
952
511
1148
486
601
541
283
1162
1201
1364
507
78
30
940
479
515
949
371
992
17
214
1420
1328
1436
1029
111
332
1475
306
729
111
511
1258
124
811
360
1339
1271
1172
1491
265
325
1504
86
159
1021
83
306
332
677
884
668
1122
1183
1045
601
529
621
945
385
277
1436
465
1374
511
511
511
515
1034
930
601
268
89
1496
675
574
1386
474
159
1390
1558
511
1393
1458
1182
281
140
689
740
159
306
209
1257
1529
601
1162
685
783
667
1490
515
938
1012
501
306
170
306
601
525
818
1515
1274
551
306
515
1569
1250
184
318
1199
1262
667
344
1415
1204
99
562
1517
8
511
78
1199
515
729
306
1314
986
628
1007
837
1021
916
8
111
685
755
731
273
668
709
854
985
1110
981
1323
500
306
546
82
1070
1376
1258
137
1561
685
1146
650
1176
511
5
1262
1109
511
916
1164
1468
1477
515
668
300
748
883
104
706
1096
1258
778
1570
64
385
1518
1491
997
1420
748
883
1172
160
1465
297
1008
284
1296
893
555
227
22
111
732
667
1045
874
1483
1322
5
159
723
515
675
787
902
289
1524
1376
154
463
525
111
511
952
515
744
127
1491
515
1058
511
593
1429
546
293
1469
666
515
588
1041
511
1376
1044
844
861
1061
1267
832
932
302
1322
1221
511
411
293
928
385
121
1543
1256
729
1258
511
116
511
1124
1052
791
478
787
368
860
511
511
1087
601
40
1350
416
1018
515
119
385
29
748
85
346
601
1490
1540
306
111
1064
182
811
951
724
1122
1399
525
111
116
966
306
511
127
1291
1553
473
728
511
1436
511
1113
134
1491
306
1435
515
47
1171
492
1541
596
499
1292
515
1202
806
1561
1202
693
1380
110
1021
1519
2
770
1276
1211
1445
601
1273
262
622
1297
146
819
1143
953
535
161
511
1437
1077
511
511
92
811
306
593
306
467
623
1122
111
1320
94
69
1021
811
331
531
372
1441
1275
1022
1429
810
511
1529
377
499
1017
1450
448
111
1558
1491
42
1518
1296
1509
671
48
787
210
1149
385
1393
35
608
89
1527
567
1500
926
1062
54
64
1559
1044
740
24
779
306
601
112
908
103
916
1346
1491
1325
1391
1297
1202
1045
767
561
313
557
431
511
42
725
601
1335
929
687
1114
740
138
601
506
732
673
600
736
783
306
127
1345
1491
1279
729
852
564
1254
601
1251
506
526
1491
1539
1015
632
543
111
1309
916
214
95
748
525
1351
385
1457
1437
78
511
1529
385
972
511
1335
607
591
1475
994
362
306
821
111
952
667
1277
1045
1573
306
1258
109
815
169
1025
1378
1102
1563
1491
511
668
511
637
982
473
511
1278
1397
515
269
1254
557
434
1335
1373
922
811
1437
871
709
380
225
1456
1140
1131
506
1487
1069
1326
1287
167
1563
653
111
251
790
385
628
24
92
1345
511
428
1537
1380
1190
413
554
548
685
1271
773
116
577
1575
1257
932
557
1376
116
340
1208
515
217
1137
601
200
1488
452
871
1540
1329
200
1088
511
1048
1540
472
1326
664
1030
243
525
1519
1491
42
766
601
204
646
511
161
625
182
1026
1056
404
1459
926
357
1476
76
1043
600
245
578
608
1358
306
860
511
111
1021
1573
385
3
306
809
1021
489
429
749
1233
1468
1503
483
922
531
88
29
1487
1255
531
546
17
1093
1415
109
1543
438
685
555
441
668
1519
511
1328
385
1501
1325
1359
339
111
883
464
511
599
1565
1558
556
1356
891
1370
111
458
1358
1383
1529
1295
111
1224
1542
777
1399
511
306
511
834
163
227
511
382
763
684
940
1406
1032
511
787
535
765
1056
1557
641
807
1178
1399
511
511
5
1172
161
1376
380
363
182
957
959
1273
860
447
601
1491
1102
348
271
811
731
385
156
1016
421
511
1088
265
511
1229
689
871
604
1491
402
1554
1524
1532
374
1395
1517
1261
561
561
811
511
227
1229
867
1491
1195
1491
668
1325
305
288
172
473
1470
78
231
732
986
1471
1519
579
264
306
1491
880
56
447
64
1087
1171
983
511
1144
1193
659
749
511
765
1109
347
748
228
1519
729
1369
668
1046
555
1177
952
952
561
811
1104
306
457
1461
729
111
853
511
808
1104
359
1345
305
808
166
529
729
1091
1491
385
1254
1500
89
95
902
894
613
940
120
225
385
76
306
1515
525
65
735
1345
925
860
527
989
668
137
332
393
78
564
1114
1489
1519
516
303
1014
227
763
259
1529
385
600
844
1258
710
1053
888
557
111
515
1219
1030
557
1116
1220
139
1493
754
1045
809
385
303
824
78
44
685
1417
1395
1477
179
561
546
623
1338
1007
163
684
1030
1391
700
605
184
1327
358
608
127
1160
605
515
1097
535
180
889
1423
296
1058
225
1304
1399
535
173
748
1500
1253
465
667
1491
1404
286
511
306
729
926
134
600
511
1491
159
750
1202
1033
385
1545
1123
381
1506
73
1266
1079
729
1437
515
388
1154
715
385
1500
625
372
1275
581
511
1556
756
64
994
561
608
1069
1483
800
700
1122
910
436
658
697
1376
1414
601
1122
1335
617
1332
371
1217
1245
1468
1184
685
1055
204
904
1411
81
248
1338
1235
60
1205
42
1560
1396
59
848
515
1293
708
1485
511
205
838
1035
385
511
511
64
511
210
1564
742
141
306
623
1529
501
1063
1425
787
1208
1090
1257
811
8
374
470
511
332
1396
508
96
937
921
1353
879
675
1482
168
218
729
1560
803
1491
348
957
1026
1561
904
1431
1564
1052
684
883
1199
783
329
1508
579
885
64
546
1211
27
625
160
814
951
306
1378
125
1522
306
496
1399
525
1395
875
811
1461
214
78
385
783
546
1336
481
346
1350
89
1087
758
672
159
511
830
685
506
389
1129
1370
306
1196
1153
10
1491
127
582
1172
1483
306
511
392
1234
216
961
1529
64
668
1458
385
306
182
42
248
185
535
667
1552
430
740
1172
227
1113
1009
511
506
363
511
1421
1454
729
1380
811
53
1576
111
1142
1179
429
511
1257
973
460
917
1370
225
1275
259
816
924
403
232
85
1372
515
1247
165
831
1433
667
511
111
1409
1438
511
843
1529
440
511
1257
351
64
280
1210
1194
728
258
253
20
1533
1247
1515
752
815
385
1180
428
92
70
1041
936
511
897
854
1345
411
910
800
287
306
306
923
1128
511
899
390
738
811
28
388
912
1290
1519
525
511
1491
1136
1382
748
1431
385
1491
47
350
85
325
1461
75
909
397
1322
1294
511
774
1476
111
1533
515
1545
985
1477
1483
113
511
1137
1518
306
306
824
1215
1156
1087
916
309
1332
458
306
111
162
773
85
1512
1050
811
113
505
1145
330
860
1520
1027
539
1386
715
811
966
511
167
952
1339
1298
1388
1159
1461
1575
515
1502
117
935
1289
940
356
317
1093
1558
1460
493
78
1370
874
561
270
687
1208
1123
1016
211
515
1102
1491
1195
557
511
42
601
511
306
693
1004
883
503
1561
605
328
1503
776
1055
842
1468
940
306
1246
123
1437
134
1280
1096
306
854
510
652
975
1250
631
71
347
601
1516
340
34
1076
1419
1254
331
309
1324
1086
396
363
1431
1038
1122
511
116
384
694
1199
526
28
1511
385
830
971
511
1435
167
1320
325
157
230
306
372
1030
973
1491
86
385
860
625
869
482
167
1132
164
385
116
729
511
1173
1404
660
677
1061
42
480
5
643
511
756
726
116
748
1376
511
311
518
456
1439
89
746
543
549
1122
1021
808
1361
1410
815
511
1268
203
1320
1209
561
511
832
885
860
600
743
1012
306
561
968
279
285
1075
1238
380
660
511
511
1226
539
1254
43
1425
167
860
1166
515
1271
582
1182
1215
887
1241
453
1182
259
182
667
535
534
264
1018
1519
116
596
1257
1461
103
111
700
319
1521
1254
474
101
1311
920
928
511
903
715
1406
649
965
511
309
1133
362
1418
700
1080
1092
580
332
511
417
67
1033
1345
416
31
252
1491
762
1224
1507
306
306
1529
694
763
1464
958
1000
498
727
111
1566
593
742
70
511
1096
169
332
151
934
668
520
1335
1344
650
316
787
484
1574
461
515
606
940
285
693
926
306
1491
50
306
528
668
1529
511
807
511
1406
1092
1234
1251
1074
1059
531
623
694
306
916
926
1112
561
740
1361
503
344
511
840
811
638
1476
1262
306
511
1044
627
933
303
306
494
1317
501
565
1190
515
326
1067
539
571
1038
931
1065
717
694
1534
662
141
511
1426
126
42
306
357
511
1479
224
1267
111
304
506
1344
111
511
1433
452
511
127
917
1179
1546
797
111
511
771
1483
109
1376
511
552
1537
116
306
1519
313
1089
219
1482
515
1508
116
689
472
1173
546
601
511
1472
1375
1517
64
952
629
476
496
306
511
1511
496
1044
1253
74
804
1449
279
742
515
811
85
152
1172
1194
826
685
1399
1299
481
1042
64
807
291
1021
1522
1207
1571
1517
1123
649
808
891
713
940
858
177
423
668
1480
776
306
952
1030
860
522
1026
668
11
511
729
303
1399
511
511
425
1191
89
1271
866
742
685
1097
109
1268
1491
600
626
64
511
1303
511
811
460
515
511
1475
317
1393
145
385
511
1271
1167
668
1380
927
1268
17
824
625
710
33
926
1271
531
1136
525
511
1494
517
794
966
1302
742
526
1021
227
1397
647
625
894
721
528
1344
864
883
1378
1237
1042
1449
511
1368
480
1199
1437
883
658
707
511
1131
1232
511
811
1363
1348
1314
1021
261
1504
1320
64
464
1020
1109
638
1056
306
734
681
55
307
511
1380
372
1334
782
385
1380
674
1333
1083
70
46
755
1563
1476
306
355
624
320
1228
1176
1495
1021
497
511
511
298
952
1109
881
66
871
1359
942
487
1267
17
306
687
511
1258
1214
797
1234
826
1406
339
1150
511
500
910
368
1253
19
306
365
117
306
306
702
511
1399
694
395
1529
425
1376
1251
1033
143
111
1122
511
332
811
511
1316
139
817
1147
1117
410
1140
410
66
184
498
78
1291
116
1319
423
249
1104
306
327
1466
306
1434
1249
1270
1131
1313
42
953
267
306
1491
19
525
1275
1479
1008
515
1448
1485
1519
1257
1529
777
1156
259
264
511
1088
313
511
1161
1557
511
385
1324
1015
1183
414
1476
672
862
213
853
772
1513
1402
1258
1342
70
1039
1150
1029
932
932
27
871
1314
306
594
511
578
385
179
306
183
111
515
1513
817
1120
78
625
1479
1483
926
409
615
347
684
192
714
1096
951
511
737
537
916
511
171
990
1055
405
872
587
1328
525
341
1071
662
332
1511
1378
937
564
184
593
1225
1258
214
1032
1028
852
1572
667
1456
1045
585
580
1122
1323
1546
625
145
626
414
788
1331
515
602
332
813
89
75
576
1468
916
550
1479
516
579
1367
695
25
1312
623
601
1154
93
73
1136
511
297
860
926
346
1517
749
597
1396
1535
111
511
860
548
515
1087
511
1026
1491
55
511
1131
353
525
759
511
67
1491
1182
93
694
1315
909
601
625
1148
127
259
748
601
111
608
458
601
385
1284
306
1251
1461
1483
529
496
642
1021
748
1444
1258
886
109
1425
694
462
31
897
689
1254
515
444
207
309
1487
306
877
442
613
940
511
1457
816
511
626
1394
128
1483
1461
640
14
1172
1477
865
372
451
866
418
198
1527
1353
1138
505
105
58
511
380
110
685
1477
1088
204
740
940
1529
1100
306
557
214
511
306
511
1186
1325
128
511
1491
1479
70
808
546
469
147
1573
1478
608
1114
546
1462
984
511
1442
940
1420
1461
601
1486
272
515
984
511
634
946
306
330
1023
130
1005
508
1559
1254
1275
544
0
64
105
729
1171
1398
641
146
1233
806
511
1405
1127
261
1517
951
1513
1225
1102
306
762
573
1165
103
1468
643
931
471
1376
64
111
535
1160
1558
240
1104
423
561
292
1491
748
511
299
175
89
385
783
450
544
1436
1561
1137
978
603
748
685
303
694
1052
511
926
68
1536
11
511
1403
787
1255
1380
1258
511
1376
147
1491
508
1050
1548
407
1491
1199
306
511
557
349
34
1411
266
511
1099
1086
1397
5
547
306
163
1568
860
789
1556
639
687
685
525
391
1355
952
1461
1153
902
625
795
301
1487
64
646
366
1468
1205
1347
1054
362
209
531
1223
1526
1428
515
729
1318
816
715
1465
167
756
940
247
1010
511
511
511
511
1511
379
196
126
1406
1090
511
913
306
984
1503
767
749
763
860
608
415
1459
926
883
685
561
1497
1491
77
385
1131
535
10
1279
727
1222
601
227
629
481
511
1345
1430
797
908
919
489
729
132
843
193
984
849
1189
306
883
625
261
623
1195
1340
682
979
218
221
1491
590
360
1399
693
1151
189
1059
5
259
515
515
294
732
511
1505
183
546
1094
511
1047
433
69
903
1441
620
1377
1399
655
1104
1354
221
1480
700
1227
449
363
1330
267
693
1115
811
684
1376
763
567
127
181
1202
511
575
702
600
78
602
162
1477
54
418
1122
222
1555
7
932
1321
1374
64
78
1199
749
1491
1566
160
860
941
1181
842
515
848
1576
848
64
811
367
1411
577
1227
1491
306
1554
1545
228
511
518
740
1350
916
1443
1155
511
1184
1234
871
794
240
820
360
883
1258
515
626
952
535
937
1199
66
1406
1073
891
564
306
744
1327
316
1491
625
460
965
787
729
1576
932
225
748
515
947
508
1254
511
226
1529
446
1254
511
1461
1093
306
1345
1272
1145
306
78
127
385
1230
155
959
486
1071
794
684
511
276
1376
605
409
601
77
852
358
511
373
862
787
1190
1211
1335
266
1399
1481
1026
1095
1014
515
144
916
511
109
301
1227
625
270
668
1376
760
306
685
269
149
391
668
511
1003
33
1269
475
227
958
665
1179
193
238
174
1112
227
1384
830
748
93
561
1236
562
244
1468
1491
1148
385
546
344
1080
511
470
468
106
1296
1131
161
1261
1489
1172
1115
561
311
309
734
54
72
425
511
1064
1529
1020
111
811
1104
511
682
883
1122
1271
286
84
437
1215
385
1216
1182
1075
785
214
689
763
423
1118
178
1376
668
772
729
1036
231
498
787
169
116
162
344
511
667
1442
1254
860
876
1019
423
1464
161
509
1533
1425
1024
78
1540
259
122
511
1376
511
1113
1326
167
37
489
1529
811
511
1136
817
860
511
995
723
496
253
248
668
554
1387
427
915
903
1357
511
1469
625
601
1073
732
225
663
613
293
1155
1491
951
999
291
1468
922
1491
622
1087
204
116
883
738
1456
1432
1215
1356
1109
459
685
511
1220
317
582
511
1000
89
436
1238
683
1556
764
306
238
558
636
161
871
1275
1322
511
519
321
683
515
729
1202
1131
1560
685
511
1348
729
1321
352
244
511
601
1329
1500
906
1503
73
601
1399
360
601
1000
515
511
209
1016
883
926
375
1096
668
1122
1377
385
302
849
783
70
8
111
306
850
385
689
851
306
629
122
511
1399
280
694
965
1365
1491
1519
557
511
638
1052
528
1399
136
473
306
306
481
93
64
1491
1566
623
667
1563
1219
909
1436
592
1491
511
525
677
1345
948
1491
837
199
729
124
1219
204
909
625
1436
561
1136
926
715
625
361
501
749
529
34
685
1511
909
511
342
1034
903
561
940
406
1089
868
982
1006
787
883
1243
385
116
1401
1543
73
501
222
926
169
1152
676
385
511
625
477
78
387
169
1257
1190
1335
732
115
1476
1156
1352
1217
385
1399
783
104
245
1122
754
664
85
790
610
717
1336
930
295
779
569
236
1515
388
1424
1534
777
529
1109
159
940
1451
710
857
1100
511
220
822
511
515
1548
729
783
976
1030
299
546
288
181
583
506
405
984
111
29
756
513
1483
515
165
867
761
825
1215
423
632
1104
1461
506
353
1517
1461
1529
862
306
1030
1144
761
100
1491
738
1143
1319
70
402
711
511
1436
248
495
601
511
309
1499
1175
940
1452
1522
1491
1109
511
1546
432
519
988
385
344
332
1241
779
546
1220
160
738
1322
42
1491
1051
242
138
1454
845
506
1257
216
868
525
1179
694
26
148
871
910
1092
935
1301
1480
1009
1335
1361
1336
546
1322
969
159
1378
1493
126
1472
688
807
1345
1026
334
429
672
306
811
1232
1173
638
1264
33
440
739
828
1529
1021
1163
940
685
289
627
1180
680
715
1109
735
1088
1035
386
1399
1555
830
511
1546
42
797
1514
7
525
104
141
64
85
131
530
1568
394
422
385
1508
111
603
813
162
333
5
516
69
1263
871
527
306
623
519
926
1567
1114
515
1550
1373
902
463
1560
1267
860
1500
668
736
601
732
306
829
511
306
511
1518
751
531
608
61
188
515
1356
1529
100
86
17
1491
511
553
792
669
1004
552
42
111
907
511
511
1116
150
227
111
959
185
1486
926
874
403
1390
1320
597
1116
553
1100
1322
127
496
306
1195
1516
738
1335
596
1378
42
223
790
1411
1491
525
405
601
511
1491
59
232
1533
1119
808
511
402
1011
869
61
1215
212
605
511
1442
1291
832
70
1013
535
1288
134
190
511
723
511
353
515
1182
320
1030
89
511
1281
1564
1529
313
860
561
116
372
43
1125
189
1454
231
811
511
113
1491
511
511
860
1087
88
1320
92
361
546
1561
511
1500
401
926
1405
1335
1376
412
1013
1102
945
811
116
147
385
1026
658
511
494
738
511
965
263
1253
633
525
250
1310
511
579
1564
1281
306
511
306
385
430
716
337
1468
874
775
1483
382
54
1453
970
106
70
557
625
132
687
515
1267
601
511
592
964
991
970
402
42
372
85
1265
1122
385
916
5
3
424
689
333
1533
306
506
1328
1376
1487
119
529
797
511
419
659
385
511
248
926
506
1092
450
340
1133
1313
719
625
192
117
1108
1413
600
511
42
1270
1309
445
1265
603
916
557
1491
623
818
668
5
511
37
1491
950
1561
419
213
0
688
1335
1238
1000
456
952
797
689
684
967
961
6
511
668
85
786
105
1483
925
702
935
511
306
331
571
324
225
161
1064
800
1322
511
668
225
535
163
1376
221
1406
584
573
621
1174
481
1153
1491
34
511
700
1100
403
451
1190
1286
1156
515
476
1168
1322
535
306
1212
974
1491
438
977
693
206
1134
306
1450
511
883
511
366
249
1574
111
1556
306
983
306
1405
1296
159
167
871
1322
1414
1345
638
307
1559
916
1128
515
723
1404
511
332
1337
909
1466
460
852
784
1030
306
1169
1190
260
1431
511
1393
760
235
999
181
248
738
87
668
1082
1376
511
1204
38
1325
354
317
511
1477
1491
921
1145
1163
1071
182
511
1345
511
786
385
689
848
73
729
1110
511
490
1545
306
1179
1461
1021
306
1574
64
57
283
1166
1476
1015
596
1215
1091
1475
1296
1078
777
783
926
9
308
1491
957
811
435
1170
678
528
1242
1376
1285
564
1322
1476
1088
1131
740
1127
799
12
999
49
64
748
54
993
952
1473
881
808
511
685
784
1071
1120
915
756
1182
1197
1257
87
1254
385
797
848
23
875
623
1417
582
1218
825
769
1363
729
1122
36
529
1308
1491
621
511
818
70
511
1313
700
847
1491
1519
1433
938
62
503
843
6
625
511
1021
1333
494
1031
1258
1490
797
73
1468
42
1519
677
1280
57
259
1238
1399
811
1321
511
1026
781
598
511
1500
748
478
1346
1378
406
1491
1088
1350
410
1254
42
1549
204
1322
1528
532
658
954
128
1555
314
1540
1122
172
548
43
344
598
1491
965
709
182
564
1043
534
306
344
608
800
883
402
1322
713
336
1529
306
1406
233
335
306
748
511
511
729
306
1131
189
511
1564
259
1083
1041
1491
557
1519
599
398
116
906
216
511
523
93
1491
587
144
531
111
612
64
78
685
1087
1262
1480
717
1283
306
515
425
1299
385
932
1489
201
302
878
1320
358
966
515
561
1067
1491
883
1354
511
460
385
834
562
586
303
17
511
385
420
460
323
243
1359
596
875
184
786
597
1180
1254
553
926
306
129
511
347
650
511
64
443
74
1030
733
1575
623
1030
1395
139
393
693
1026
1340
807
257
951
1224
822
284
1155
504
751
511
1252
1529
1433
1358
1277
389
479
1483
1348
385
1097
525
1257
1309
306
905
1033
936
1399
385
1466
815
1267
159
892
744
111
626
849
597
1198
1564
63
116
227
306
1077
822
1254
1345
786
72
121
344
926
127
140
678
1538
1412
141
385
103
940
601
1519
1374
728
511
1341
1115
338
601
493
849
901
1241
1037
1271
1109
460
1149
1503
1350
987
860
1360
1086
839
459
765
601
561
1245
1090
1561
111
1316
511
1427
511
696
1281
515
127
516
888
578
1442
68
1458
1397
792
1360
1342
306
1270
623
62
916
225
511
14
38
1491
680
498
1047
797
515
109
511
587
1519
142
715
5
322
1513
306
575
511
1376
593
412
431
902
351
159
827
601
309
1103
1110
350
1283
727
830
1185
625
1122
1376
1431
1399
324
650
1376
1483
1491
125
525
1131
511
336
1196
332
515
153
689
1503
42
1301
1272
250
811
515
629
385
738
161
548
1519
460
511
831
1242
1026
306
1122
306
192
1420
511
1320
457
741
1481
883
525
379
511
860
823
830
1068
1502
511
511
515
380
233
515
667
511
1369
1437
1180
515
306
639
860
457
1147
811
597
1406
1002
511
511
601
267
282
78
946
1022
511
738
422
668
748
506
992
331
1031
738
529
932
667
385
662
1210
668
525
1535
306
909
1420
1404
245
116
511
830
940
130
558
452
647
712
1232
306
1173
726
116
687
503
1548
1491
842
380
1378
1102
576
561
439
626
506
1532
867
939
732
511
385
996
1251
817
511
783
688
749
5
1034
753
511
1376
1124
925
511
692
1278
1026
17
1380
511
511
1350
1045
727
42
191
404
1173
1513
42
385
1345
886
872
994
1223
511
306
525
689
1292
605
783
1298
1389
963
668
1495
697
501
1172
511
567
1347
1485
306
241
1277
1491
668
1309
512
1122
623
528
1533
557
748
488
610
1080
797
589
1157
1092
523
335
534
204
561
497
698
1573
935
698
70
624
525
334
821
1376
306
306
266
372
511
1260
1258
1280
841
625
1513
626
1172
1406
787
685
1320
685
561
42
230
1274
283
588
1001
63
735
511
1148
811
685
1376
1517
952
672
1151
1282
1468
1114
1519
1096
167
1122
251
952
727
811
306
1109
689
1279
748
1104
728
1559
766
111
306
111
623
593
629
955
925
273
1057
35
1302
759
1376
1376
163
321
871
885
1340
306
651
852
1088
952
926
293
127
685
511
601
511
808
1294
1322
683
306
1242
600
511
663
601
1532
1477
159
170
511
