10
13
27
35
15
9
38
26
39
1
14
37
3
9
31
12
28
34
13
25
8
34
37
26
0
32
8
19
16
8
15
28
24
23
28
33
20
14
38
0
11
30
4
19
33
22
15
38
8
17
32
30
4
0
0
37
6
1
27
34
16
32
21
14
16
9
19
16
11
0
11
7
34
37
15
30
38
37
39
27
34
19
1
12
26
33
39
28
34
34
17
5
23
24
5
20
0
32
25
37
18
21
10
11
35
24
15
36
36
19
25
29
2
26
26
28
5
20
15
17
5
35
29
22
1
30
35
39
3
28
6
12
36
11
15
30
15
24
29
31
34
33
38
36
10
25
33
13
29
2
17
2
6
6
8
16
3
6
7
32
39
5
11
26
9
29
23
29
16
31
32
37
23
6
6
5
1
3
4
21
9
6
38
24
19
3
32
6
23
11
29
18
26
27
18
13
22
4
11
15
9
28
34
21
25
19
16
26
10
28
13
10
38
18
25
36
33
34
22
1
17
35
18
24
21
39
13
9
20
20
2
27
12
30
18
0
7
28
17
0
12
23
2
33
8
33
5
17
12
7
21
10
30
37
20
2
11
12
13
20
32
37
4
14
19
27
21
22
3
2
33
35
18
1
36
37
31
14
26
9
8
6
36
31
33
31
7
25
30
4
29
10
10
7
31
14
1
5
24
1
